(1, 3) = 828380
(1, 36) = 6669
(1, 62) = 497016
(1, 80) = 132492
(2, 84) = 422179
(3, 14) = 44191
(3, 56) = 442734
(3, 110) = 402192
(4, 30) = 23187
(4, 73) = 430650
(4, 121) = 14382
(4, 125) = 637083
(5, 10) = 546444
(5, 42) = 203574
(5, 87) = 171612
(5, 95) = 150672
(7, 36) = 5490
(7, 54) = 640001
(7, 80) = 61105
(7, 99) = 4472
(7, 107) = 58322
(8, 62) = 253820
(8, 74) = 574560
(9, 67) = 265912
(10, 5) = 885920
(10, 32) = 253762
(10, 47) = 9724
(10, 101) = 93214
(10, 109) = 27451
(11, 23) = 197025
(11, 39) = 5662
(11, 94) = 35432
(11, 121) = 29664
(12, 10) = 120596
(12, 63) = 131182
(12, 129) = 168952
(13, 4) = 57600
(13, 22) = 646814
(13, 27) = 378525
(13, 80) = 29853
(13, 97) = 406032
(13, 134) = 554736
(14, 116) = 79212
(16, 21) = 708934
(17, 65) = 49632
(17, 105) = 64560
(17, 122) = 419661
(18, 16) = 98271
(18, 40) = 351870
(19, 70) = 78888
(19, 108) = 128960
(20, 90) = 272556
(20, 125) = 53055
(21, 15) = 11764
(21, 79) = 69720
(22, 108) = 353400
(22, 115) = 55372
(23, 47) = 57120
(23, 62) = 26892
(24, 8) = 183135
(24, 105) = 362304
(24, 134) = 592032
(25, 18) = 353430
(25, 29) = 411800
(25, 31) = 296583
(25, 79) = 245632
(25, 99) = 73593
(25, 119) = 131768
(26, 49) = 539400
(26, 87) = 110985
(27, 60) = 333696
(28, 76) = 243688
(29, 4) = 110929
(29, 26) = 464269
(29, 121) = 148031
(30, 18) = 724
(30, 31) = 553584
(30, 39) = 688975
(30, 90) = 496584
(30, 97) = 45804
(31, 57) = 240995
(31, 62) = 17750
(31, 71) = 24246
(32, 15) = 104400
(32, 24) = 442728
(33, 102) = 72092
(33, 110) = 631591
(33, 117) = 26530
(34, 8) = 772954
(35, 14) = 100710
(35, 39) = 6426
(35, 50) = 167760
(35, 124) = 30566
(38, 66) = 208768
(38, 93) = 120280
(39, 20) = 59124
(39, 25) = 136851
(39, 61) = 111384
(39, 69) = 362408
(40, 34) = 336015
(40, 42) = 323252
(40, 101) = 577850
(40, 111) = 815408
(41, 131) = 629272
(42, 52) = 183837
(42, 59) = 98658
(42, 105) = 106333
(43, 4) = 143226
(43, 15) = 161312
(43, 35) = 355810
(44, 18) = 361032
(44, 26) = 146772
(44, 47) = 775587
(44, 86) = 141300
(44, 92) = 29181
(44, 97) = 139628
(46, 78) = 678270
(47, 107) = 128405
(47, 118) = 262185
(47, 124) = 655104
(48, 32) = 70389
(48, 83) = 276381
(49, 4) = 409812
(49, 20) = 927365
(49, 55) = 96163
(49, 70) = 519348
(50, 26) = 462074
(51, 31) = 150880
(51, 87) = 4705
(51, 102) = 326368
(51, 119) = 489018
(52, 40) = 2055
(53, 54) = 269346
(53, 134) = 478640
(54, 4) = 169234
(54, 70) = 818772
(54, 82) = 471232
(55, 12) = 451620
(55, 18) = 155840
(55, 63) = 26363
(55, 98) = 297712
(55, 103) = 2709
(56, 30) = 274398
(56, 32) = 624650
(56, 38) = 112470
(56, 122) = 377986
(56, 131) = 294525
(57, 9) = 256376
(57, 73) = 234765
(57, 81) = 369572
(57, 129) = 5539
(58, 67) = 625525
(58, 120) = 218400
(59, 49) = 292656
(59, 55) = 105287
(59, 86) = 330505
(59, 113) = 45492
(60, 107) = 801
(61, 40) = 30856
(61, 72) = 596965
(62, 59) = 22752
(62, 135) = 565440
(63, 46) = 117876
(63, 87) = 388532
(63, 96) = 10593
(64, 69) = 365420
(64, 101) = 462825
(65, 79) = 825600
(66, 10) = 65638
(66, 34) = 96640
(66, 44) = 515872
(66, 119) = 185574
(67, 21) = 69046
(67, 24) = 71340
(67, 125) = 162476
(68, 75) = 425425
(68, 106) = 134212
(68, 115) = 144869
(69, 15) = 397590
(70, 38) = 40725
(71, 55) = 523995
(72, 42) = 340375
(72, 81) = 439858
(72, 100) = 586568
(73, 26) = 146916
(73, 59) = 527275
(73, 69) = 1820
(73, 96) = 21728
(74, 7) = 323312
(75, 35) = 203090
(75, 71) = 697527
(75, 81) = 802416
(75, 122) = 238872
(76, 53) = 871395
(77, 62) = 272800
(77, 88) = 193280
(77, 135) = 748063
(78, 65) = 56097
(78, 104) = 537165
(79, 27) = 19154
(79, 76) = 324510
(79, 129) = 364010
(80, 42) = 78406
(80, 58) = 321012
(81, 35) = 190944
(81, 69) = 375654
(82, 30) = 113152
(82, 83) = 25992
(82, 119) = 536280
(83, 104) = 176436
(83, 109) = 237930
(84, 98) = 13926
(85, 18) = 523848
(85, 45) = 738036
(86, 6) = 833504
(86, 80) = 349440
(86, 122) = 64449
(86, 131) = 48068
(87, 74) = 38346
(88, 23) = 9320
(89, 42) = 548085
(89, 46) = 458835
(89, 97) = 29280
(90, 3) = 156585
(90, 55) = 466165
(90, 82) = 398
(90, 92) = 82218
(90, 134) = 63081
(92, 9) = 69913
(92, 21) = 429904
(93, 42) = 254877
(93, 57) = 532728
(93, 63) = 3472
(94, 84) = 708066
(94, 98) = 192236
(94, 108) = 477400
(94, 115) = 484909
(95, 4) = 49000
(95, 15) = 281012
(96, 74) = 598468
(97, 46) = 439348
(97, 86) = 84165
(97, 118) = 979098
(98, 29) = 171648
(98, 57) = 532471
(98, 93) = 13696
(99, 8) = 88144
(99, 37) = 372960
(99, 99) = 47610
(101, 11) = 552013
(102, 126) = 43824
(103, 43) = 786171
(103, 53) = 236980
(103, 101) = 430560
(104, 60) = 657594
(105, 10) = 419436
(105, 34) = 85020
(105, 80) = 79985
(106, 27) = 465528
(106, 94) = 56958
(106, 99) = 718685
(106, 124) = 296562
(107, 15) = 266420
(107, 104) = 309134
(107, 133) = 152532
(108, 119) = 272355
(109, 59) = 374205
(110, 37) = 20884
(110, 94) = 59517
(111, 112) = 101835
(112, 28) = 618662
(112, 89) = 82576
(113, 19) = 535800
(114, 32) = 243650
(114, 39) = 944783
(114, 84) = 79233
(114, 108) = 21900
(115, 16) = 581175
(116, 36) = 211576
(116, 92) = 14600
(116, 113) = 27176
(117, 71) = 14320
(117, 82) = 3562
(117, 130) = 168004
(118, 56) = 240720
(118, 78) = 816312
(119, 67) = 62720
(119, 90) = 704090
(119, 95) = 224660
(120, 60) = 34992
(120, 110) = 26136
(120, 114) = 268801
(120, 124) = 30950
(121, 54) = 41044
(121, 103) = 143902
(122, 63) = 343864
(123, 43) = 1362
(123, 120) = 126809
(123, 128) = 267030
(124, 3) = 477113
(124, 21) = 589444
(125, 8) = 277820
(125, 57) = 10692
(125, 83) = 142164
(125, 95) = 92184
(126, 66) = 57600
(126, 111) = 408360
(127, 88) = 19228
(128, 33) = 223155
(129, 3) = 531608
(129, 43) = 252340
(129, 70) = 73840
(129, 102) = 777442
(129, 112) = 409941
(130, 36) = 198940
(130, 83) = 297918
(131, 22) = 428480
(131, 51) = 697656
(132, 70) = 182040
(132, 128) = 440064
(133, 14) = 103180
(133, 46) = 29640
(133, 115) = 25388
(134, 54) = 54462
(134, 61) = 796386
(134, 99) = 12831
(134, 126) = 149872
(135, 6) = 481314
(135, 134) = 15664
(136, 55) = 17400
(136, 89) = 6468
(136, 108) = 33823
(136, 121) = 35650
(137, 18) = 206276
(137, 62) = 340280
(137, 74) = 362584
(137, 82) = 298080
(138, 35) = 41985
(138, 50) = 424710
(138, 134) = 229890